
7 1 0 0 0 0 0 start:2 0 0 0 0 0 1 0 0 0 0 0 2 1
9 0.893333 0.106667 0 0 0 1 start:0 0 0 0 0 1 1 0 0 0 0 0 2 1 0 0 0 0 0 1 1
11 0.88189 0.11811 0 0 0 1 start:0 0 0 0 0 1 1 0 0 0 0 0 2 1 0 0 0 0 0 2 1 0 0 0 0 0 1 1
13 0.928571 0.0714286 0 0 0 1 start:2 0 0 0 0 0 1 0 0 0 0 0 2 1 0 0 0 0 0 2 1 0 0 0 0 0 1 1
7 1 0 0 0 0 0 start:2 0 0 0 0 0 1 0 0 0 0 0 2 1
9 0.732143 0.267857 0 0 0 1 start:0 0 0 0 0 1 1 0 0 0 0 0 2 1 0 0 0 0 0 1 1
11 0.582857 0.285714 0 0.131429 0 1 start:0 0 0 0 0 1 1 0 0 0 0 0 2 1 0 0 0 0 0 2 1 0 0 0 0 0 1 1
7 1 0 0 0 0 0 start:2 0 0 0 0 0 1 0 0 0 0 0 2 1
7 0.354839 0.645161 0 0 0 0 start:2 0 0 0 0 0 1 0 2 0 0 0 0 1
7 0.269231 0.730769 0 0 0 0 start:0 1 0 0 0 0 1 0 1 0 0 0 0 1 0 1 0 0 0 0 1
9 0.758242 0.241758 0 0 0 0 start:2 0 0 0 0 0 1 1 0 0 0 0 0 1 1 0 0 0 0 0 1
11 0.637931 0.362069 0 0 0 0 start:3 0 0 0 0 0 1 3 0 0 0 0 0 1
13 0.564885 0.427481 0 0.00763359 0 0 start:4 0 0 0 0 0 1 4 0 0 0 0 0 1
7 0.894737 0 0.0877193 0.0175439 0 0 start:2 0 0 0 0 0 1 0 0 0 0 0 2 1
9 0.783784 0.036036 0.153153 0.027027 0 1 start:0 0 0 0 0 1 1 0 0 0 0 0 2 1 0 0 0 0 0 2 1
7 0.263158 0.736842 0 0 0 0 start:0 2 0 0 0 0 1 0 2 0 0 0 0 1
9 0.147059 0.852941 0 0 0 0 start:0 2 0 0 0 0 1 0 2 0 0 0 0 1 0 1 0 0 0 0 1
11 0.552941 0.447059 0 0 0 0 start:3 0 0 0 0 0 1 3 0 0 0 0 0 1
7 0 1 0 0 0 0 start:0 1 0 0 0 0 1 0 1 0 0 0 0 1 0 1 0 0 0 0 1
7 0.444444 0.555556 0 0 0 0 start:0 2 0 0 0 0 1 0 2 0 0 0 0 1
7 0.48 0.52 0 0 0 0 start:0 2 0 0 0 0 1 0 2 0 0 0 0 1
7 0.153846 0.846154 0 0 0 0 start:0 2 0 0 0 0 1 0 2 0 0 0 0 1
9 0.549296 0.450704 0 0 0 0 start:0 2 0 0 0 0 1 0 2 0 0 0 0 1 1 0 0 0 0 0 1
7 0.847826 0.152174 0 0 0 0 start:2 0 0 0 0 0 1 0 0 0 0 0 2 1
9 0.629032 0.370968 0 0 0 1 start:0 0 0 0 0 1 1 0 0 0 0 0 1 1 0 0 0 0 0 2 1
7 0 1 0 0 0 0 start:0 2 0 0 0 0 1 0 2 0 0 0 0 1
9 0.5 0.5 0 0 0 0 start:0 2 0 0 0 0 1 0 2 0 0 0 0 1 0 1 0 0 0 0 1
11 0.8 0.2 0 0 0 0 start:3 0 0 0 0 0 1 3 0 0 0 0 0 1
7 0.357143 0.642857 0 0 0 0 start:0 2 0 0 0 0 1 0 2 0 0 0 0 1
9 0.204082 0.795918 0 0 0 0 start:0 2 0 0 0 0 1 0 2 0 0 0 0 1 0 1 0 0 0 0 1
11 0.147059 0.852941 0 0 0 0 start:0 2 0 0 0 0 1 0 2 0 0 0 0 1 0 1 0 0 0 0 1 0 1 0 0 0 0 1
7 0.473684 0.526316 0 0 0 0 start:0 2 0 0 0 0 1 0 2 0 0 0 0 1
7 0.166667 0.833333 0 0 0 0 start:0 2 0 0 0 0 1 0 2 0 0 0 0 1
7 0.208333 0.791667 0 0 0 0 start:0 2 0 0 0 0 1 0 2 0 0 0 0 1
7 1 0 0 0 0 0 start:2 0 0 0 0 0 1 0 0 0 0 0 2 1
9 0.954198 0 0.0458015 0 0 1 start:0 0 0 0 0 1 1 0 0 0 0 0 2 1 0 0 0 0 0 2 1
11 0.9447 0 0.0552995 0 0 0 start:3 0 0 0 0 0 1 3 0 0 0 0 0 1
13 0.876068 0.0726496 0.0512821 0 0 0 start:4 0 0 0 0 0 1 4 0 0 0 0 0 1
7 0.521739 0.478261 0 0 0 0 start:2 0 0 0 0 0 1 0 2 0 0 0 0 1
9 0.794872 0.205128 0 0 0 0 start:1 0 0 0 0 0 1 1 0 0 0 0 0 1 2 0 0 0 0 0 1
7 1 0 0 0 0 0 start:2 0 0 0 0 0 1 0 0 0 0 0 2 1
7 0.4375 0.5 0 0.0625 0 0 start:0 2 0 0 0 0 1 0 2 0 0 0 0 1
7 0.0967742 0.903226 0 0 0 0 start:0 2 0 0 0 0 1 0 2 0 0 0 0 1
7 0.484848 0.484848 0 0.030303 0 0 start:0 2 0 0 0 0 1 0 2 0 0 0 0 1
7 1 0 0 0 0 0 start:2 0 0 0 0 0 1 0 0 0 0 0 2 1
7 0.571429 0.428571 0 0 0 0 start:2 0 0 0 0 0 1 0 2 0 0 0 0 1
9 0.285714 0.714286 0 0 0 0 start:0 2 0 0 0 0 1 0 2 0 0 0 0 1 0 1 0 0 0 0 1
11 0.169014 0.830986 0 0 0 0 start:0 2 0 0 0 0 1 0 2 0 0 0 0 1 0 1 0 0 0 0 1 0 1 0 0 0 0 1
7 0.2 0.685714 0 0.114286 0 0 start:0 2 0 0 0 0 1 0 2 0 0 0 0 1
9 0.375 0.3875 0 0.2375 0 0 start:0 2 0 0 0 0 1 0 2 0 0 0 0 1 0 1 0 0 0 0 1
11 0.592593 0.22963 0 0.177778 0 0 start:3 0 0 0 0 0 1 3 0 0 0 0 0 1
7 0.92 0 0 0.08 0 0 start:2 0 0 0 0 0 1 0 0 0 0 0 2 1
9 0.866667 0 0 0.133333 0 0 start:2 0 0 0 0 0 2 2 0 0 0 0 0 1
11 0.898396 0 0 0.101604 0 0 start:3 0 0 0 0 0 1 3 0 0 0 0 0 1
7 0.72973 0.216216 0.027027 0.027027 0 0 start:2 0 0 0 0 0 1 0 0 0 0 0 2 1
9 0.73494 0.144578 0.0361446 0.0843373 0 0 start:2 0 0 0 0 0 1 2 0 0 0 0 0 2
7 1 0 0 0 0 0 start:2 0 0 0 0 0 1 0 0 0 0 0 2 1
7 1 0 0 0 0 0 start:2 0 0 0 0 0 1 0 0 0 0 0 2 1
9 0.795181 0.060241 0 0.144578 0 0 start:2 0 0 0 0 0 1 1 0 0 0 0 0 1 1 0 0 0 0 0 1
7 0.753623 0.246377 0 0 0 0 start:2 0 0 0 0 0 1 0 0 0 0 0 2 1
7 0.730769 0.269231 0 0 0 0 start:2 0 0 0 0 0 1 0 0 0 0 0 2 1
9 0.38 0.62 0 0 0 0 start:0 2 0 0 0 0 1 0 2 0 0 0 0 1 0 1 0 0 0 0 1
7 0.82 0 0 0.18 0 0 start:2 0 0 0 0 0 1 0 0 0 0 0 2 1
9 0.506173 0.283951 0 0.209877 0 1 start:0 0 0 0 0 1 1 0 0 0 0 0 1 1 0 0 0 0 0 0 1 0 0 0 0 0 2 1
11 0.617347 0.204082 0 0.178571 0 0 start:3 0 0 0 0 0 1 3 0 0 0 0 0 1
13 0.568807 0.252294 0 0.178899 0 0 start:4 0 0 0 0 0 1 4 0 0 0 0 0 1
7 0.52381 0.47619 0 0 0 0 start:2 0 0 0 0 0 1 0 2 0 0 0 0 1
9 0.25 0.75 0 0 0 0 start:0 2 0 0 0 0 1 0 2 0 0 0 0 1 0 1 0 0 0 0 1
7 0.28 0.68 0 0.04 0 0 start:0 2 0 0 0 0 1 0 2 0 0 0 0 1
7 0.875 0.125 0 0 0 0 start:2 0 0 0 0 0 1 0 0 0 0 0 2 1
7 1 0 0 0 0 0 start:2 0 0 0 0 0 1 0 0 0 0 0 2 1
7 0.717949 0.230769 0 0.0512821 0 0 start:2 0 0 0 0 0 1 0 0 0 0 0 2 1
7 1 0 0 0 0 0 start:2 0 0 0 0 0 1 0 0 0 0 0 2 1
7 0.714286 0.238095 0 0.047619 0 0 start:2 0 0 0 0 0 1 0 0 0 0 0 2 1
9 0.326087 0.652174 0 0.0217391 0 1 start:0 0 0 0 0 2 1 0 0 0 0 0 2 1 0 0 0 0 0 1 1
11 0.560484 0.294355 0 0.145161 0 1 start:0 0 0 0 0 1 1 0 0 0 0 0 2 1 0 0 0 0 0 2 1 0 0 0 0 0 1 1
7 1 0 0 0 0 0 start:2 0 0 0 0 0 1 0 0 0 0 0 2 1
9 1 0 0 0 0 1 start:1 0 0 0 0 0 1 0 0 0 0 0 2 1 0 0 0 0 0 2 1
7 0.333333 0.666667 0 0 0 0 start:0 2 0 0 0 0 1 0 2 0 0 0 0 1
9 0.710526 0.289474 0 0 0 0 start:2 0 0 0 0 0 1 2 0 0 0 0 0 2
11 0.745763 0.245763 0 0.00847458 0 0 start:3 0 0 0 0 0 1 3 0 0 0 0 0 1
13 0.590604 0.33557 0 0.0738255 0 0 start:4 0 0 0 0 0 1 4 0 0 0 0 0 1
15 0.536585 0.396341 0 0.0670732 0 0 start:5 0 0 0 0 0 1 5 0 0 0 0 0 1
7 0.48 0.52 0 0 0 0 start:0 2 0 0 0 0 1 0 2 0 0 0 0 1
9 0.20339 0.779661 0 0.0169492 0 0 start:0 2 0 0 0 0 1 0 2 0 0 0 0 1 0 1 0 0 0 0 1
7 0 0.971429 0 0.0285714 0 0 start:0 2 0 0 0 0 1 0 2 0 0 0 0 1
9 0 0.895238 0 0.104762 0 0 start:0 2 0 0 0 0 1 0 2 0 0 0 0 1 0 1 0 0 0 0 1
7 1 0 0 0 0 0 start:2 0 0 0 0 0 1 0 0 0 0 0 2 1
9 1 0 0 0 0 1 start:1 0 0 0 0 0 1 0 0 0 0 0 2 1 0 0 0 0 0 2 1
11 1 0 0 0 0 1 start:0 0 0 0 0 1 1 0 0 0 0 0 2 1 0 0 0 0 0 2 1 0 0 0 0 0 1 1
7 0.947368 0.0526316 0 0 0 0 start:2 0 0 0 0 0 1 0 0 0 0 0 2 1
9 0.950495 0.019802 0 0.029703 0 1 start:0 0 0 0 0 1 1 0 0 0 0 0 2 1 0 0 0 0 0 2 1
7 1 0 0 0 0 0 start:2 0 0 0 0 0 1 0 0 0 0 0 2 1
9 1 0 0 0 0 1 start:0 0 0 0 0 1 1 0 0 0 0 0 2 1 0 0 0 0 0 2 1
11 0.994118 0 0 0.00588235 0 1 start:0 0 0 0 0 1 1 0 0 0 0 0 1 1 0 0 0 0 0 2 1 0 0 0 0 0 2 1
7 1 0 0 0 0 0 start:2 0 0 0 0 0 1 0 0 0 0 0 2 1
7 1 0 0 0 0 0 start:2 0 0 0 0 0 1 0 0 0 0 0 2 1
7 1 0 0 0 0 0 start:2 0 0 0 0 0 1 0 0 0 0 0 2 1
7 1 0 0 0 0 0 start:2 0 0 0 0 0 1 0 0 0 0 0 2 1
7 1 0 0 0 0 0 start:2 0 0 0 0 0 1 0 0 0 0 0 2 1
9 0.935897 0 0 0.0641026 0 0 start:1 0 0 0 0 0 1 1 0 0 0 0 0 1 2 0 0 0 0 0 1
11 0.949275 0 0 0.0507246 0 0 start:3 0 0 0 0 0 1 3 0 0 0 0 0 1
13 0.866142 0 0 0.133858 0 0 start:4 0 0 0 0 0 1 4 0 0 0 0 0 1
7 0.521739 0.478261 0 0 0 0 start:2 0 0 0 0 0 1 0 2 0 0 0 0 1
9 0.602564 0.269231 0 0.128205 0 0 start:1 0 0 0 0 0 1 2 0 0 0 0 0 1 1 0 0 0 0 0 1
11 0.530303 0.333333 0 0.136364 0 0 start:3 0 0 0 0 0 1 3 0 0 0 0 0 1
7 1 0 0 0 0 0 start:2 0 0 0 0 0 1 0 0 0 0 0 2 1
7 0.423077 0.538462 0 0.0384615 0 0 start:0 2 0 0 0 0 1 0 2 0 0 0 0 1
9 0.203704 0.592593 0 0.203704 0 0 start:0 2 0 0 0 0 1 0 2 0 0 0 0 1 0 1 0 0 0 0 1
11 0.104762 0.6 0.0571429 0.238095 0 0 start:0 2 0 0 0 0 1 0 2 0 0 0 0 1 0 1 0 0 0 0 1 0 1 0 0 0 0 1
13 0.0723684 0.717105 0.0394737 0.171053 0 0 start:0 2 0 0 0 0 1 0 2 0 0 0 0 1 0 2 0 0 0 0 1 0 1 0 0 0 0 1
7 1 0 0 0 0 0 start:2 0 0 0 0 0 1 0 0 0 0 0 2 1
9 1 0 0 0 0 1 start:0 0 0 0 0 1 1 0 0 0 0 0 2 1 0 0 0 0 0 2 1
11 0.94697 0.0378788 0 0.0151515 0 1 start:0 0 0 0 0 1 1 0 0 0 0 0 1 1 0 0 0 0 0 2 1 0 0 0 0 0 2 1
7 1 0 0 0 0 0 start:2 0 0 0 0 0 1 0 0 0 0 0 2 1
9 0.83 0.14 0 0.03 0 1 start:0 0 0 0 0 1 1 0 0 0 0 0 2 1 0 0 0 0 0 2 1
7 1 0 0 0 0 0 start:2 0 0 0 0 0 1 0 0 0 0 0 2 1
7 1 0 0 0 0 0 start:2 0 0 0 0 0 1 0 0 0 0 0 2 1
7 0.52 0.48 0 0 0 0 start:2 0 0 0 0 0 1 0 2 0 0 0 0 1
7 1 0 0 0 0 0 start:2 0 0 0 0 0 1 0 0 0 0 0 2 1
9 0.927536 0.0724638 0 0 0 1 start:0 0 0 0 0 1 1 0 0 0 0 0 2 1 0 0 0 0 0 2 1
7 0.25 0.571429 0 0.178571 0 0 start:0 2 0 0 0 0 1 0 2 0 0 0 0 1
7 0.428571 0.571429 0 0 0 0 start:0 2 0 0 0 0 1 0 2 0 0 0 0 1
7 1 0 0 0 0 0 start:2 0 0 0 0 0 1 0 0 0 0 0 2 1
7 1 0 0 0 0 0 start:2 0 0 0 0 0 1 0 0 0 0 0 2 1
7 0.980769 0 0 0.0192308 0 0 start:2 0 0 0 0 0 1 0 0 0 0 0 2 1
9 0.954955 0 0 0.045045 0 1 start:0 0 0 0 0 1 1 0 0 0 0 0 2 1 0 0 0 0 0 2 1
7 0.947368 0 0 0.0526316 0 0 start:2 0 0 0 0 0 1 0 0 0 0 0 2 1
9 0.942529 0 0 0.0574713 0 1 start:0 0 0 0 0 1 1 0 0 0 0 0 2 1 0 0 0 0 0 2 1
7 1 0 0 0 0 0 start:2 0 0 0 0 0 1 0 0 0 0 0 2 1
7 1 0 0 0 0 0 start:2 0 0 0 0 0 1 0 0 0 0 0 2 1
7 1 0 0 0 0 0 start:2 0 0 0 0 0 1 0 0 0 0 0 2 1
7 1 0 0 0 0 0 start:2 0 0 0 0 0 1 0 0 0 0 0 2 1
7 1 0 0 0 0 0 start:2 0 0 0 0 0 1 0 0 0 0 0 2 1
